
strategic_region={
	id=129
	name="STRATEGICREGION_129"
	provinces={
		652 15799 15800 15801 784 16156 16157 16158 785 15856 15857 789 15628 15629 804 15760 806 16317 856 15843 864 16095 16096 16097 869 16056 876 15961 886 16159 16160 16161 890 15644 15645 904 15546 909 15895 919 15798 921 15998 928 16028 933 15658 15659 940 16101 947 15722 15723 960 15672 15673 961 16070 16071 16072 975 15624 979 15436 15437 981 15918 1005 16330 16331 1119 16410 1122 16304 16305 16306 1463 16211 16212 3714 15627 3786 15716 3788 16180 16181 3807 15906 3851 3856 15939 15940 3862 15835 3870 16040 3876 16091 16092 3889 16284 16285 3890 16002 3903 15788 3905 15633 15634 3907 15845 15846 3919 15560 3921 16073 3927 16038 16039 3935 15690 3950 15860 15861 3951 15734 15735 3964 15880 3965 15691 15692 15693 3967 15440 15441 3979 15674 15675 15676 3982 15438 15439 3983 15910 15911 15912 4008 16411 4112 4124 16372 4127 16332 16333 16334 4512 16140 16141 4583 15823 15824 6807 16174 6808 15786 15787 6813 16113 16114 16115 6864 15785 6871 15671 6877 15958 15959 15960 6888 15976 6894 16249 16250 6908 15687 15688 6912 15701 6919 15789 6920 15524 15525 15526 6925 15859 6935 15945 15946 6938 15527 15528 6945 16047 16048 6950 15773 6956 16104 16105 16106 6965 15985 15986 6976 15665 15666 6977 15941 6978 15579 6991 15677 15678 6992 16077 16078 6995 15419 15420 7026 16391 7130 16100 7143 16262 16263 7454 15530 15531 7470 15862 15863 15864 7530 16162 16163 7620 16118 16119 9755 16102 16103 9761 15919 15920 9763 16189 9777 15881 15882 9799 15854 15855 9806 15753 15754 9811 15984 9823 16253 9830 16110 16111 16112 9844 15622 15623 9858 15942 15943 15944 9860 16003 16004 9861 15975 9868 15820 9871 15615 9878 16030 16031 9886 15702 15703 9887 15742 15743 9893 16273 16274 9900 9901 15858 9912 16210 9915 9921 15938 9929 16178 16179 9932 15625 15626 9941 16271 16272 9954 15821 15822 10038 16197 16198 10041 16139 10056 16315 16316 10122 16366 10399 15913 15914 10403 15532 15533 15534 10472 15640 10497 16093 16094 11739 16049 11746 16307 11747 11753 15529 11759 16107 11778 15818 15819 11784 15770 15771 11792 15997 11796 16029 11797 15921 11810 16251 16252 11811 15592 15593 11826 15772 11831 15844 11839 15724 11844 15879 11848 15926 11853 15790 15791 11860 16055 11866 11867 15751 15752 11871 16308 11880 15927 15928 15929 11881 15500 11883 15476 11894 15561 15562 11897 15689 11898 15974 11907 16154 16155 11917 16234 16235 12013 16260 16261 12016 16229 16230 12096 16380 12318 16057 16058 16059 12376 15811 15812 15813 12387 16237 12416 16236 12476 16164 16165 13121 13122 
	}
	weather={
		period={
			between={ 0.0 30.0 }
			temperature={ -11.0 8.0 }
			no_phenomenon=0.700
			rain_light=0.200
			rain_heavy=0.080
			snow=0.100
			blizzard=0.000
			arctic_water=0.000
			mud=1.000
			sandstorm=0.000
			min_snow_level=0.000
		}
		period={
			between={ 0.1 27.1 }
			temperature={ -10.0 12.0 }
			no_phenomenon=0.700
			rain_light=0.200
			rain_heavy=0.080
			snow=0.100
			blizzard=0.000
			arctic_water=0.000
			mud=1.000
			sandstorm=0.000
			min_snow_level=0.000
		}
		period={
			between={ 0.2 30.2 }
			temperature={ -6.0 14.0 }
			no_phenomenon=0.700
			rain_light=0.200
			rain_heavy=0.100
			snow=0.020
			blizzard=0.000
			arctic_water=0.000
			mud=1.000
			sandstorm=0.000
			min_snow_level=0.000
		}
		period={
			between={ 0.3 29.3 }
			temperature={ 1.0 18.0 }
			no_phenomenon=0.650
			rain_light=0.250
			rain_heavy=0.100
			snow=0.000
			blizzard=0.000
			arctic_water=0.000
			mud=1.000
			sandstorm=0.000
			min_snow_level=0.000
		}
		period={
			between={ 0.4 30.4 }
			temperature={ 7.0 21.0 }
			no_phenomenon=0.650
			rain_light=0.250
			rain_heavy=0.100
			snow=0.000
			blizzard=0.000
			arctic_water=0.000
			mud=1.000
			sandstorm=0.000
			min_snow_level=0.000
		}
		period={
			between={ 0.5 29.5 }
			temperature={ 10.0 25.0 }
			no_phenomenon=0.700
			rain_light=0.200
			rain_heavy=0.100
			snow=0.000
			blizzard=0.000
			arctic_water=0.000
			mud=1.000
			sandstorm=0.000
			min_snow_level=0.000
		}
		period={
			between={ 0.6 30.6 }
			temperature={ 14.0 28.0 }
			no_phenomenon=0.800
			rain_light=0.150
			rain_heavy=0.050
			snow=0.000
			blizzard=0.000
			arctic_water=0.000
			mud=1.000
			sandstorm=0.000
			min_snow_level=0.000
		}
		period={
			between={ 0.7 30.7 }
			temperature={ 14.0 28.0 }
			no_phenomenon=0.850
			rain_light=0.100
			rain_heavy=0.050
			snow=0.000
			blizzard=0.000
			arctic_water=0.000
			mud=1.000
			sandstorm=0.000
			min_snow_level=0.000
		}
		period={
			between={ 0.8 29.8 }
			temperature={ 9.0 25.0 }
			no_phenomenon=0.850
			rain_light=0.100
			rain_heavy=0.050
			snow=0.000
			blizzard=0.000
			arctic_water=0.000
			mud=1.000
			sandstorm=0.000
			min_snow_level=0.000
		}
		period={
			between={ 0.9 30.9 }
			temperature={ 3.0 21.0 }
			no_phenomenon=0.750
			rain_light=0.150
			rain_heavy=0.100
			snow=0.020
			blizzard=0.000
			arctic_water=0.000
			mud=1.000
			sandstorm=0.000
			min_snow_level=0.000
		}
		period={
			between={ 0.10 29.10 }
			temperature={ -3.0 14.0 }
			no_phenomenon=0.650
			rain_light=0.250
			rain_heavy=0.100
			snow=0.020
			blizzard=0.000
			arctic_water=0.000
			mud=1.000
			sandstorm=0.000
			min_snow_level=0.000
		}
		period={
			between={ 0.11 30.11 }
			temperature={ -10.0 10.0 }
			no_phenomenon=0.650
			rain_light=0.250
			rain_heavy=0.800
			snow=0.100
			blizzard=0.000
			arctic_water=0.000
			mud=1.000
			sandstorm=0.000
			min_snow_level=0.000
		}
	}
}