
strategic_region={
	id=142
	name="STRATEGICREGION_142"
	provinces={
		1073 17797 1157 17862 17863 1185 17903 1244 18241 18242 1248 18136 18137 18138 1253 18004 18005 1285 18279 1300 18161 18162 1302 18070 18071 1324 18235 18236 1328 18167 18168 18169 1353 18243 18244 1357 18079 18080 1362 17981 17982 1374 18128 1390 18006 1396 18324 1400 18205 1423 18326 1427 18190 1464 18012 18013 1488 17926 17927 17928 1507 17986 17987 17988 1520 18024 18025 1535 18072 1548 18099 1563 18129 18130 1577 18134 18135 1592 18133 1605 18237 18238 1620 18223 18224 1990 17917 17918 4075 4119 17886 4223 18325 4251 18185 18186 4255 18131 18132 4260 18041 18042 4284 18347 4302 18181 18182 4319 18147 18148 4330 18265 18266 4334 18193 4339 17937 17938 4341 18359 4348 18158 18159 4359 18280 18281 4363 18183 18184 4379 18081 18082 4397 17991 4401 4405 18206 18207 4433 18213 18214 4496 17955 17956 4511 18014 18015 4529 17807 17808 4539 18059 18060 4554 18122 18123 4566 18097 18098 4568 17868 17869 17870 4582 18054 18055 4596 18165 18166 4613 17897 17898 17899 4639 18248 5236 7015 17833 17834 7075 17904 17905 7093 17850 17851 7103 17883 17884 17885 7218 17895 17896 7225 18197 18198 7229 18108 18109 7238 18296 18297 7271 18275 18276 18277 7280 18028 18029 7292 18233 18234 7303 18350 7312 18043 18044 7319 18262 7331 18357 7338 18149 7347 18272 18273 7353 18040 7356 17973 17974 17975 7367 18160 7376 18294 7380 18199 18200 7404 18299 18300 7408 7426 18101 18102 7432 18316 18317 7492 17969 17970 7516 18019 18020 7518 17733 17734 17735 7531 17993 17994 7544 18111 18112 7559 18061 18062 7572 18086 7587 18195 18196 7601 18125 18126 7645 18227 18228 7675 17947 17948 17949 8045 17961 17962 9948 17809 17810 9961 17901 17902 9988 17957 17958 10016 17939 17940 10075 17813 17814 17815 10103 17846 17847 10129 17890 10134 18218 18219 10137 18117 18118 10162 18249 18250 18251 10177 18220 10180 18142 18143 18144 10193 18119 18120 10195 18056 18057 10204 18263 18264 10221 18153 10232 18309 18310 10238 18077 18078 10250 18175 10261 18301 18302 10289 18282 18283 10293 18191 18192 10309 18095 18096 10317 18321 10326 18021 10330 17971 17972 10356 17995 17996 10371 18002 18003 10384 18022 18023 10398 18045 18046 10411 18094 10425 18084 10438 18121 10453 18163 18164 10456 17943 17944 10467 18177 18178 10496 17929 17930 17931 11909 17909 17910 11936 17924 12008 17778 17779 12048 12065 17764 17765 12075 17855 17856 12109 18229 18230 12133 18336 12150 18256 18257 12167 18170 18171 12173 18124 12176 18274 12191 18260 18261 12195 18150 12204 18306 12210 18087 18088 12224 18176 12232 18304 18305 12260 18295 12264 18114 18115 12288 18303 12297 18007 18008 12319 17775 17776 17777 12332 17989 17990 12345 18016 18017 12360 18058 12373 18063 12388 18113 12392 17800 17801 12402 18092 12417 18139 18140 12431 18127 12433 17860 17861 12447 18187 18188 12460 18179 18180 12475 18221 18222 
	}
	weather={
		period={
			between={ 0.0 30.0 }
			temperature={ 16.0 32.0 }
			no_phenomenon=0.920
			rain_light=0.060
			rain_heavy=0.020
			snow=0.000
			blizzard=0.000
			arctic_water=0.000
			mud=0.500
			sandstorm=0.000
			min_snow_level=0.000
		}
		period={
			between={ 0.1 27.1 }
			temperature={ 20.0 33.0 }
			no_phenomenon=0.900
			rain_light=0.050
			rain_heavy=0.050
			snow=0.000
			blizzard=0.000
			arctic_water=0.000
			mud=0.500
			sandstorm=0.000
			min_snow_level=0.000
		}
		period={
			between={ 0.2 30.2 }
			temperature={ 22.0 35.0 }
			no_phenomenon=0.800
			rain_light=0.080
			rain_heavy=0.120
			snow=0.000
			blizzard=0.000
			arctic_water=0.000
			mud=0.500
			sandstorm=0.000
			min_snow_level=0.000
		}
		period={
			between={ 0.3 29.3 }
			temperature={ 23.0 36.0 }
			no_phenomenon=0.700
			rain_light=0.050
			rain_heavy=0.250
			snow=0.000
			blizzard=0.000
			arctic_water=0.000
			mud=0.500
			sandstorm=0.000
			min_snow_level=0.000
		}
		period={
			between={ 0.4 30.4 }
			temperature={ 22.0 35.0 }
			no_phenomenon=0.400
			rain_light=0.100
			rain_heavy=0.500
			snow=0.000
			blizzard=0.000
			arctic_water=0.000
			mud=0.500
			sandstorm=0.000
			min_snow_level=0.000
		}
		period={
			between={ 0.5 29.5 }
			temperature={ 21.0 34.0 }
			no_phenomenon=0.350
			rain_light=0.150
			rain_heavy=0.500
			snow=0.000
			blizzard=0.000
			arctic_water=0.000
			mud=0.500
			sandstorm=0.000
			min_snow_level=0.000
		}
		period={
			between={ 0.6 30.6 }
			temperature={ 20.0 33.0 }
			no_phenomenon=0.300
			rain_light=0.150
			rain_heavy=0.550
			snow=0.000
			blizzard=0.000
			arctic_water=0.000
			mud=0.500
			sandstorm=0.000
			min_snow_level=0.000
		}
		period={
			between={ 0.7 30.7 }
			temperature={ 21.0 33.0 }
			no_phenomenon=0.250
			rain_light=0.200
			rain_heavy=0.550
			snow=0.000
			blizzard=0.000
			arctic_water=0.000
			mud=0.500
			sandstorm=0.000
			min_snow_level=0.000
		}
		period={
			between={ 0.8 29.8 }
			temperature={ 21.0 33.0 }
			no_phenomenon=0.200
			rain_light=0.200
			rain_heavy=0.600
			snow=0.000
			blizzard=0.000
			arctic_water=0.000
			mud=0.500
			sandstorm=0.000
			min_snow_level=0.000
		}
		period={
			between={ 0.9 30.9 }
			temperature={ 20.0 33.0 }
			no_phenomenon=0.400
			rain_light=0.200
			rain_heavy=0.400
			snow=0.000
			blizzard=0.000
			arctic_water=0.000
			mud=0.500
			sandstorm=0.000
			min_snow_level=0.000
		}
		period={
			between={ 0.10 29.10 }
			temperature={ 19.0 32.0 }
			no_phenomenon=0.800
			rain_light=0.100
			rain_heavy=0.100
			snow=0.000
			blizzard=0.000
			arctic_water=0.000
			mud=0.500
			sandstorm=0.000
			min_snow_level=0.000
		}
		period={
			between={ 0.11 30.11 }
			temperature={ 16.0 32.0 }
			no_phenomenon=0.092
			rain_light=0.060
			rain_heavy=0.020
			snow=0.000
			blizzard=0.000
			arctic_water=0.000
			mud=0.500
			sandstorm=0.000
			min_snow_level=0.000
		}
	}
}