
strategic_region={
	id=155
	name="STRATEGICREGION_155"
	provinces={
		783 15061 15062 800 15471 810 14969 14970 836 15668 846 15328 861 15432 887 15377 15378 892 15602 15603 15604 916 15253 927 15318 15319 930 15031 944 15285 15286 945 946 15164 964 15747 15748 973 15113 15114 987 15442 1150 1499 14949 14950 1502 14648 1508 15146 15147 1545 14604 14605 1558 14800 14801 1567 15148 1571 14802 14803 14804 1588 14552 1627 14737 1638 15067 15068 15069 1645 14697 14698 1693 14338 1732 14502 14503 1776 14082 1847 14378 14379 3783 15831 15832 3791 15007 15008 15009 3815 14894 3839 3843 14913 3849 15431 3877 15094 3888 15343 15344 3895 15550 15551 3913 15234 3929 15320 15321 3932 15220 3944 3947 15135 15136 3949 15552 15553 3970 15738 15739 3978 15073 4503 14883 4506 14640 4551 14504 14505 4561 14767 4572 15057 15058 4592 14615 14616 4633 14838 14839 4642 15119 15120 4649 14722 4745 14377 4809 14073 4852 14231 4876 14534 14535 5427 14852 6804 15515 15516 6806 15186 6811 14937 14938 6851 6860 15696 15697 6863 14814 6868 15470 6893 15301 15302 6905 15303 6910 15630 6918 6947 15172 15173 6951 15394 6964 15174 15175 15176 6981 7523 14873 14874 7526 14731 7569 14567 7582 14764 14765 7591 14951 14952 7613 14481 14482 7652 14862 7663 15059 15060 7670 14744 7697 14138 7743 14308 14309 7767 14518 7812 14721 7832 14220 14221 7848 13979 13980 7873 14143 7894 14409 7897 14473 14474 9623 14655 9759 15444 15445 9766 14993 14994 14995 9781 15521 9782 14863 9788 15342 9798 14792 9803 15412 15413 9831 15171 9835 15513 15514 9841 15398 9848 9854 15755 15756 9866 15283 15284 9883 15203 9885 15443 9897 15215 9913 15111 15112 9928 15047 15048 10215 14589 10368 14544 14545 10376 14976 14977 10379 14683 14684 10429 14960 14961 10433 10463 14718 10503 14864 14865 10519 14732 14733 10521 14489 14490 10541 13984 13985 10567 14210 10612 14307 10638 14510 14511 10675 14040 14041 10698 14366 14367 11744 14983 14984 11764 15585 11771 11781 15414 11808 15376 11815 15492 15493 11823 15379 15380 15381 11836 15151 11850 15293 15294 11862 15228 11864 15037 15038 11893 15082 15083 11903 15006 11906 14962 14963 12337 14871 14872 12342 14629 12355 14771 12412 14807 12443 14715 12469 14798 14799 12478 15030 12482 14834 14835 12485 14593 12500 14738 12537 14046 14047 12548 14310 14311 12618 14435 14436 12690 14566 13150 14398 
	}
	weather={
		period={
			between={ 0.0 30.0 }
			temperature={ -25.0 -6.0 }
			no_phenomenon=0.600
			rain_light=0.000
			rain_heavy=0.000
			snow=0.250
			blizzard=0.150
			arctic_water=0.000
			mud=1.000
			sandstorm=0.000
			min_snow_level=0.000
		}
		period={
			between={ 0.1 27.1 }
			temperature={ -23.0 -2.0 }
			no_phenomenon=0.650
			rain_light=0.000
			rain_heavy=0.000
			snow=0.250
			blizzard=0.100
			arctic_water=0.000
			mud=1.000
			sandstorm=0.000
			min_snow_level=0.000
		}
		period={
			between={ 0.2 30.2 }
			temperature={ -14.0 6.0 }
			no_phenomenon=0.650
			rain_light=0.050
			rain_heavy=0.000
			snow=0.250
			blizzard=0.050
			arctic_water=0.000
			mud=1.000
			sandstorm=0.000
			min_snow_level=0.000
		}
		period={
			between={ 0.3 29.3 }
			temperature={ -1.0 15.0 }
			no_phenomenon=0.600
			rain_light=0.100
			rain_heavy=0.100
			snow=0.150
			blizzard=0.050
			arctic_water=0.000
			mud=1.000
			sandstorm=0.000
			min_snow_level=0.000
		}
		period={
			between={ 0.4 30.4 }
			temperature={ 7.0 22.0 }
			no_phenomenon=0.550
			rain_light=0.200
			rain_heavy=0.250
			snow=0.000
			blizzard=0.000
			arctic_water=0.000
			mud=1.000
			sandstorm=0.000
			min_snow_level=0.000
		}
		period={
			between={ 0.5 29.5 }
			temperature={ 13.0 28.0 }
			no_phenomenon=0.550
			rain_light=0.200
			rain_heavy=0.250
			snow=0.000
			blizzard=0.000
			arctic_water=0.000
			mud=1.000
			sandstorm=0.000
			min_snow_level=0.000
		}
		period={
			between={ 0.6 30.6 }
			temperature={ 16.0 31.0 }
			no_phenomenon=0.550
			rain_light=0.200
			rain_heavy=0.250
			snow=0.000
			blizzard=0.000
			arctic_water=0.000
			mud=1.000
			sandstorm=0.000
			min_snow_level=0.000
		}
		period={
			between={ 0.7 30.7 }
			temperature={ 15.0 30.0 }
			no_phenomenon=0.550
			rain_light=0.200
			rain_heavy=0.250
			snow=0.000
			blizzard=0.000
			arctic_water=0.000
			mud=1.000
			sandstorm=0.000
			min_snow_level=0.000
		}
		period={
			between={ 0.8 29.8 }
			temperature={ 8.0 22.0 }
			no_phenomenon=0.550
			rain_light=0.200
			rain_heavy=0.250
			snow=0.000
			blizzard=0.000
			arctic_water=0.000
			mud=1.000
			sandstorm=0.000
			min_snow_level=0.000
		}
		period={
			between={ 0.9 30.9 }
			temperature={ 1.0 15.0 }
			no_phenomenon=0.600
			rain_light=0.200
			rain_heavy=0.050
			snow=0.150
			blizzard=0.000
			arctic_water=0.000
			mud=1.000
			sandstorm=0.000
			min_snow_level=0.000
		}
		period={
			between={ 0.10 29.10 }
			temperature={ -13.0 4.0 }
			no_phenomenon=0.600
			rain_light=0.050
			rain_heavy=0.000
			snow=0.250
			blizzard=0.100
			arctic_water=0.000
			mud=1.000
			sandstorm=0.000
			min_snow_level=0.000
		}
		period={
			between={ 0.11 30.11 }
			temperature={ -23.0 -3.0 }
			no_phenomenon=0.600
			rain_light=0.000
			rain_heavy=0.000
			snow=0.300
			blizzard=0.100
			arctic_water=0.000
			mud=1.000
			sandstorm=0.000
			min_snow_level=0.000
		}
	}
}