
strategic_region={
	id=164
	name="STRATEGICREGION_164"
	provinces={
		996 17062 17063 1001 16882 16883 1004 16704 1006 17550 17551 17552 1029 16694 1036 17222 17223 1053 17527 1055 17385 17386 1066 17334 17335 17336 1076 1083 17082 17083 1089 16943 16944 1094 17441 1096 17226 1099 17041 1110 17437 17438 1121 16760 16761 1125 17224 17225 1138 17447 17448 1139 16594 1146 17000 1153 17239 17240 1161 16810 16811 1166 17517 17518 17519 1168 17317 17318 17319 1171 17093 1193 17514 17515 17516 1195 17307 17308 1603 16750 16751 1612 17116 1628 17249 17250 3992 4001 16936 4005 16875 4009 16968 4010 16662 16663 4013 17338 17339 17340 4031 16753 16754 4038 17341 17342 4042 17138 17139 4053 17578 17579 4066 16790 16791 4070 17390 17391 4079 16899 4081 17585 17586 17587 4082 4083 17379 17380 4091 16937 16938 4099 17407 17408 17409 4105 17094 17095 4113 17412 17413 4114 16595 4123 16803 4130 17177 4144 16501 16502 4148 16917 4156 17435 17436 4158 16969 4169 17466 17467 17468 4173 17130 4183 17493 17494 4185 17301 4196 4203 17013 4519 16867 4547 16844 16845 4606 16628 16629 4619 4631 17230 17231 6932 16702 16703 7004 17541 17542 17543 7007 17282 17283 17284 7014 7019 16915 16916 7025 16706 7027 17572 17573 7035 17144 7054 17331 17332 17333 7058 17206 7071 17632 7074 16484 7085 16736 16737 7086 17374 17375 7094 16901 16902 7099 17597 17598 17599 7104 17165 7120 17121 7126 16807 7129 16576 7131 17580 17581 17582 7142 16812 7146 17257 17258 7167 17120 7172 17416 17417 7174 17274 17275 7181 16876 7191 7199 17473 17474 7200 16730 7222 16971 16972 7459 16858 7508 16802 7540 16846 7568 16891 7580 16980 7596 17037 17038 7609 17011 17012 7625 17143 7637 17172 17173 7653 17329 17330 7656 16711 16712 7948 17066 17067 8072 16925 16926 9934 17068 9937 16874 9942 17562 9944 17315 17316 9953 16850 16851 9956 16715 16716 9958 16705 9959 17078 9972 17371 17372 17373 9974 17196 9984 17381 17382 9995 16779 16780 10008 16941 16942 10010 17637 10012 17405 17406 10014 17201 17202 10017 16994 10034 10040 16808 16809 10042 17463 17464 17465 10044 17169 17170 10054 17630 17631 10057 17439 17440 10058 17265 17266 10064 16970 10069 17460 17461 10076 10079 16848 10084 17509 17510 10086 17236 17237 17238 10093 17668 10095 16884 10098 16713 16714 10101 17153 10112 17536 17537 10114 17290 10364 16758 16759 10434 16892 10446 16957 16958 10462 17039 17040 10474 16966 16967 10501 17377 17378 11913 11916 16849 11920 17297 11928 16990 16991 11931 16692 16693 11937 17145 11945 17594 17595 17596 11947 17356 17357 11961 17383 17384 11973 16752 11982 16983 11986 17600 17601 11988 17305 17306 11991 17204 17205 11994 17030 12012 16835 12019 17217 17218 17219 12030 17475 17476 12036 12052 12055 16781 12057 17528 17529 17530 12059 17255 17256 12061 17072 17073 12067 16804 12076 17084 17085 12084 17574 17575 17576 12408 16872 16873 12426 16988 16989 12467 17178 12495 17361 17362 13141 13142 13144 
	}
	weather={
		period={
			between={ 0.0 30.0 }
			temperature={ -5.0 12.0 }
			no_phenomenon=1.500
			rain_light=0.250
			rain_heavy=0.100
			snow=0.000
			blizzard=0.000
			arctic_water=0.000
			mud=1.000
			sandstorm=0.000
			min_snow_level=0.000
		}
		period={
			between={ 0.1 27.1 }
			temperature={ -4.0 13.0 }
			no_phenomenon=1.500
			rain_light=0.250
			rain_heavy=0.100
			snow=0.000
			blizzard=0.000
			arctic_water=0.000
			mud=1.000
			sandstorm=0.000
			min_snow_level=0.000
		}
		period={
			between={ 0.2 30.2 }
			temperature={ 2.0 18.0 }
			no_phenomenon=1.500
			rain_light=0.250
			rain_heavy=0.100
			snow=0.000
			blizzard=0.000
			arctic_water=0.000
			mud=1.000
			sandstorm=0.000
			min_snow_level=0.000
		}
		period={
			between={ 0.3 29.3 }
			temperature={ 8.0 24.0 }
			no_phenomenon=1.500
			rain_light=0.700
			rain_heavy=0.500
			snow=0.000
			blizzard=0.000
			arctic_water=0.000
			mud=1.000
			sandstorm=0.000
			min_snow_level=0.000
		}
		period={
			between={ 0.4 30.4 }
			temperature={ 14.0 28.0 }
			no_phenomenon=1.500
			rain_light=0.700
			rain_heavy=0.500
			snow=0.000
			blizzard=0.000
			arctic_water=0.000
			mud=1.000
			sandstorm=0.000
			min_snow_level=0.000
		}
		period={
			between={ 0.5 29.5 }
			temperature={ 18.0 32.0 }
			no_phenomenon=1.500
			rain_light=0.700
			rain_heavy=0.500
			snow=0.000
			blizzard=0.000
			arctic_water=0.000
			mud=1.000
			sandstorm=0.000
			min_snow_level=0.000
		}
		period={
			between={ 0.6 30.6 }
			temperature={ 21.0 36.0 }
			no_phenomenon=0.500
			rain_light=0.600
			rain_heavy=0.450
			snow=0.000
			blizzard=0.000
			arctic_water=0.000
			mud=1.000
			sandstorm=0.000
			min_snow_level=0.000
		}
		period={
			between={ 0.7 30.7 }
			temperature={ 22.0 36.0 }
			no_phenomenon=0.500
			rain_light=0.600
			rain_heavy=0.450
			snow=0.000
			blizzard=0.000
			arctic_water=0.000
			mud=1.000
			sandstorm=0.000
			min_snow_level=0.000
		}
		period={
			between={ 0.8 29.8 }
			temperature={ 16.0 31.0 }
			no_phenomenon=0.500
			rain_light=0.600
			rain_heavy=0.450
			snow=0.000
			blizzard=0.000
			arctic_water=0.000
			mud=1.000
			sandstorm=0.000
			min_snow_level=0.000
		}
		period={
			between={ 0.9 30.9 }
			temperature={ 10.0 25.0 }
			no_phenomenon=1.500
			rain_light=0.600
			rain_heavy=0.450
			snow=0.000
			blizzard=0.000
			arctic_water=0.000
			mud=1.050
			sandstorm=0.000
			min_snow_level=0.000
		}
		period={
			between={ 0.10 29.10 }
			temperature={ 4.0 20.0 }
			no_phenomenon=1.500
			rain_light=0.250
			rain_heavy=0.100
			snow=0.000
			blizzard=0.000
			arctic_water=0.000
			mud=1.000
			sandstorm=0.000
			min_snow_level=0.000
		}
		period={
			between={ 0.11 30.11 }
			temperature={ -3.0 14.0 }
			no_phenomenon=1.500
			rain_light=0.250
			rain_heavy=0.100
			snow=0.000
			blizzard=0.000
			arctic_water=0.000
			mud=1.000
			sandstorm=0.000
			min_snow_level=0.000
		}
	}
}