
strategic_region={
	id=165
	name="STRATEGICREGION_165"
	provinces={
		994 17992 1010 17366 17367 1018 17818 17819 1023 17604 17605 17606 1038 17941 17942 1047 1070 17925 1078 17643 1087 17749 1114 17717 17718 1120 17644 1131 17780 17781 1162 17648 1172 17659 17660 17661 1187 17760 17761 1196 17703 17704 17705 1202 17702 1319 17520 17521 1383 17670 1448 17469 17470 1469 17742 1474 17376 1522 17756 17757 1597 17663 1625 17627 17628 1640 17346 1653 17645 17646 17647 1884 17548 17549 1999 17262 17263 17264 2067 17298 17299 17300 4023 17835 17836 4028 17707 17708 4041 17141 17142 4050 17721 17722 17723 4077 17706 4085 17603 4092 17719 17720 4121 17802 17803 17804 4125 17505 17506 17507 4134 17650 4141 17251 17252 17253 4152 17664 17665 4160 17891 4165 17651 17652 17653 4177 17766 17767 17768 4189 4192 17502 17503 17504 4207 17674 17675 17676 4325 17421 4431 17309 17310 17311 4480 17471 17472 4501 17693 17694 4504 17495 17496 17497 4532 17535 4628 17654 4656 17700 17701 4896 17272 17273 5030 17128 17129 5072 17363 17364 17365 7039 17820 17821 7044 17713 17714 17715 7067 17724 17725 17726 7095 17629 7097 7101 7108 17762 17763 7128 17610 7135 17873 7137 7141 17633 7152 17743 17744 7159 17508 7168 17641 17642 7182 17649 7192 17769 17770 17771 7201 17227 17228 17229 7210 17688 7279 17294 17295 17296 7294 17393 17394 17395 7434 17235 7446 17566 17567 17568 7502 17452 7521 17498 7549 17487 17488 17489 7577 17445 7606 17569 17570 17571 7650 17695 17696 7665 17355 8023 17533 17534 8095 17443 17444 9938 17677 9939 17349 9963 17811 17812 9970 17591 17592 17593 9978 17709 9982 17490 17491 17492 9997 17611 17612 17613 9999 17254 10004 17816 17817 10006 17350 10039 17538 17539 17540 10050 17747 17748 10062 10080 17655 10105 17805 17806 10121 17666 17667 10304 17245 10335 17414 10346 17622 17623 10377 17446 10404 17577 10431 17588 17589 17590 10459 17662 10517 17337 10616 17481 17482 10726 17326 17327 17328 10757 17136 17137 10763 17434 10776 17774 10819 17431 17432 17433 10822 17304 10841 17150 17151 17152 11918 17559 17560 17561 11926 17783 17784 11938 17772 17773 11941 17698 17699 11963 17945 17946 11972 17347 17348 11981 11983 17758 17759 11990 17963 12014 17607 17608 17609 12017 17400 17401 12023 17736 17737 12053 17483 17484 17485 12077 17788 12086 17195 12095 17689 12141 17158 12262 17638 17639 17640 12282 17624 17625 17626 12310 17396 12350 17459 12378 17556 17557 17558 12407 17524 17525 17526 12414 17193 17194 12436 17583 17584 12483 17410 17411 12819 17291 17292 17293 12841 17449 17450 17451 13140 13143 17415 
	}
	weather={
		period={
			between={ 0.0 30.0 }
			temperature={ 0.0 17.0 }
			no_phenomenon=0.920
			rain_light=0.050
			rain_heavy=0.030
			snow=0.000
			blizzard=0.000
			arctic_water=0.000
			mud=0.500
			sandstorm=0.000
			min_snow_level=0.000
		}
		period={
			between={ 0.1 27.1 }
			temperature={ 0.0 19.0 }
			no_phenomenon=0.900
			rain_light=0.050
			rain_heavy=0.050
			snow=0.000
			blizzard=0.000
			arctic_water=0.000
			mud=0.500
			sandstorm=0.000
			min_snow_level=0.000
		}
		period={
			between={ 0.2 30.2 }
			temperature={ 5.0 22.0 }
			no_phenomenon=0.820
			rain_light=0.050
			rain_heavy=0.130
			snow=0.000
			blizzard=0.000
			arctic_water=0.000
			mud=0.500
			sandstorm=0.000
			min_snow_level=0.000
		}
		period={
			between={ 0.3 29.3 }
			temperature={ 11.0 27.0 }
			no_phenomenon=0.700
			rain_light=0.050
			rain_heavy=0.250
			snow=0.000
			blizzard=0.000
			arctic_water=0.000
			mud=0.500
			sandstorm=0.000
			min_snow_level=0.000
		}
		period={
			between={ 0.4 30.4 }
			temperature={ 16.0 31.0 }
			no_phenomenon=0.600
			rain_light=0.200
			rain_heavy=0.400
			snow=0.000
			blizzard=0.000
			arctic_water=0.000
			mud=0.500
			sandstorm=0.000
			min_snow_level=0.000
		}
		period={
			between={ 0.5 29.5 }
			temperature={ 19.0 32.0 }
			no_phenomenon=0.400
			rain_light=0.200
			rain_heavy=0.400
			snow=0.000
			blizzard=0.000
			arctic_water=0.000
			mud=0.500
			sandstorm=0.000
			min_snow_level=0.000
		}
		period={
			between={ 0.6 30.6 }
			temperature={ 21.0 34.0 }
			no_phenomenon=0.200
			rain_light=0.300
			rain_heavy=0.500
			snow=0.000
			blizzard=0.000
			arctic_water=0.000
			mud=0.500
			sandstorm=0.000
			min_snow_level=0.000
		}
		period={
			between={ 0.7 30.7 }
			temperature={ 21.0 34.0 }
			no_phenomenon=0.200
			rain_light=0.300
			rain_heavy=0.500
			snow=0.000
			blizzard=0.000
			arctic_water=0.000
			mud=0.500
			sandstorm=0.000
			min_snow_level=0.000
		}
		period={
			between={ 0.8 29.8 }
			temperature={ 19.0 32.0 }
			no_phenomenon=0.300
			rain_light=0.200
			rain_heavy=0.500
			snow=0.000
			blizzard=0.000
			arctic_water=0.000
			mud=0.500
			sandstorm=0.000
			min_snow_level=0.000
		}
		period={
			between={ 0.9 30.9 }
			temperature={ 14.0 28.0 }
			no_phenomenon=0.600
			rain_light=0.050
			rain_heavy=0.350
			snow=0.000
			blizzard=0.000
			arctic_water=0.000
			mud=0.500
			sandstorm=0.000
			min_snow_level=0.000
		}
		period={
			between={ 0.10 29.10 }
			temperature={ 8.0 24.0 }
			no_phenomenon=0.900
			rain_light=0.050
			rain_heavy=0.050
			snow=0.000
			blizzard=0.000
			arctic_water=0.000
			mud=0.500
			sandstorm=0.000
			min_snow_level=0.000
		}
		period={
			between={ 0.11 30.11 }
			temperature={ 2.0 19.0 }
			no_phenomenon=0.950
			rain_light=0.050
			rain_heavy=0.000
			snow=0.000
			blizzard=0.000
			arctic_water=0.000
			mud=0.500
			sandstorm=0.000
			min_snow_level=0.000
		}
	}
}