3 4 6521 11444 3312 6282
2 7 6282 349 3340 9388 13898 13929 321
2 5 6282 6334 9334 9361 11372
3 4 6521 9428 6441 514
2 6 6521 375 3367 11219 11276 321
3 5 6521 3499 14060 9456 3522
2 3 9347 6257 6389
3 10 6521 11505 14037 9496 3572 14085 6595 14133 552 9570
2 4 6282 3207 537 9496
2 4 9347 6325 6349 3326
3 2 6469 495
2 4 11494 3423 9575 11531
3 3 11494 6444 6488
2 5 11531 9575 11547 11560 6488
3 4 9517 6568 589 6488
2 6 11531 14331 563 3558 3530 9517
3 3 9517 14414 11499
2 2 11499 708
2 5 9517 3530 6542 6712 3692
3 6 495 3398 9547 3524 14200 6488
2 5 9515 14371 3299 571 11544
2 5 11499 9545 14314 11529 11544
2 7 11544 9572 11417 11445 6549 3397 6488
3 4 3561 425 6487 3522
2 10 11544 9416 3474 14202 14207 482 6524 538 6501 3535
3 21 3151 149 11068 9164 6095 6035 13693 6086 110 9111 187 9333 2999 11315 3215 6245 11250 3358 11282 3391 6380
2 5 758 11710 15235 9689 6734
2 5 11805 3861 799 6924 9817
2 6 6734 15345 9686 11675 15257 11677
2 8 6906 9896 6817 3873 6966 15517 6812 9764
2 7 1176 7068 16327 1090 7198 16206 4182
2 3 4182 13231 7183
2 8 9764 6812 15517 6966 15539 13223 3954 3816
2 5 3816 9813 9840 11821 915
2 9 3938 9767 15661 6993 9785 15486 11766 813 3816
2 8 7183 4080 7098 6954 809 931 9925 13230
2 6 11825 9827 9846 15496 13232 6867
2 6 10024 1093 9903 16018 15936 832
2 6 875 879 3871 3810 3930 6948
2 4 6287 6393 3260 3325
2 4 6469 3512 9363 6241
3 3 6241 11456 391
3 2 391 9498
3 2 6598 516
2 4 587 9522 11562 11519
2 4 6583 11435 11470 11494
2 3 587 3547 11494
2 5 11506 9561 6585 454 11420
2 5 11506 9523 3549 9578 11563
2 11 11506 9523 3549 9578 3534 553 14359 11521 11535 3579 6449
2 5 512 14491 9725 9523 11506
2 5 3671 9492 14521 6533 512
2 12 11506 9523 14437 6547 14500 11463 3509 3523 14467 3495 527 9495
2 8 3552 14441 14428 6572 9525 11508 14447 9495
2 6 3671 9492 9478 14579 503 11465
2 4 11465 14519 9510 6536
2 6 6657 14708 655 14659 14631 3671
2 6 620 14772 3626 651 669 3671
2 9 9737 11565 9597 595 11582 629 11596 14631 3671
2 6 6766 11702 15017 9717 15050 9737
2 3 740 6756 743
2 6 743 11697 9884 11699 3749 6766
2 7 6766 11702 15017 9734 9751 6618 620
2 4 9824 9853 3946 6960
2 7 6960 9898 11877 15075 958 15063 11834
2 3 11834 15154 911
2 3 911 3928 9909
2 4 6788 3772 11891 9909
2 8 11834 15063 958 11713 762 780 3589 6613
2 6 3594 9607 11576 6648 14748 620
2 11 6960 9898 15040 760 11709 3754 769 14885 9748 11593 3594
2 9 3594 9607 9609 667 14618 9644 6518 3493 512
2 5 6613 11794 648 817 3652
2 8 3652 680 3669 14546 3506 14486 11491 11506
2 3 3652 14557 9642
2 4 9642 6698 11642 698
2 15 11506 11518 6949 14459 3506 9490 11732 3533 6531 9658 14492 6698 11642 698 678
2 3 678 6529 9503
2 5 9503 1346 3629 11502 9559
2 6 11506 11518 14329 11549 14285 13011
2 6 11420 454 3402 11549 14285 13011
2 3 11531 11502 9559
2 3 11516 1346 9503
2 13 11516 14388 14412 5291 6545 14401 3533 11732 551 14459 6949 11518 11506
2 7 6613 3589 6784 11573 6609 9745 6780
2 5 6788 771 9741 11730 6780
2 7 6780 11730 9741 14816 776 607 3780
2 4 9620 6683 698 678
2 7 3780 607 776 6635 636 9618 9620
2 9 3673 11612 3674 668 6673 3657 6656 14753 11584
2 6 663 11601 3641 9600 9584 3780
2 4 603 3604 14754 11584
2 5 603 3776 773 6790 3780
2 8 673 11618 14686 9630 11598 9598 14805 603
2 4 603 3776 11734 6606
2 2 6606 782
2 3 6788 15053 6973
2 2 9904 11751
2 4 11837 9784 6843 883
2 4 819 15542 11803 883
2 2 11846 9904
2 13 9990 16089 12066 15894 3901 10027 15721 3968 15663 851 15662 955 819
2 4 4159 1156 3857 10074
2 7 383 3307 13748 6412 9362 6345 9279
2 6 11380 13711 9308 11082 161 6050
2 12 9279 11376 9300 9410 9251 9329 11311 9406 6397 9393 11289 11380
2 14 383 6331 13731 3286 3375 3063 6188 9209 9109 11188 13686 11082 161 6050
2 6 6296 13857 6360 6229 6376 9483
2 4 9483 6342 6222 9340
2 7 3320 9295 11498 11342 13824 11358 310
2 6 514 573 469 9414 6440 11542
2 8 9692 14443 11679 541 14444 3484 14352 11539
2 5 11581 14728 3654 6650 9627
2 6 9648 9646 596 3654 6650 9627
2 6 11581 14728 3654 596 9646 9648
2 5 619 14843 11580 3609 11586
2 3 3601 3592 11581
2 6 3882 11832 15190 9906 15133 9602
2 12 4109 3988 16099 1109 976 15909 863 15853 6930 3844 10163 11818
2 7 9602 15095 11887 9771 11868 965 949
2 5 949 3908 3937 6982 6923
2 14 9833 6895 15523 3893 15497 15499 11905 878 15408 9862 6814 6952 15384 6923
2 2 3663 9617
2 6 3696 11644 699 6716 716 9660
2 7 9340 9240 9317 11291 3074 496 3152
2 5 3152 11426 11127 11443 4640
2 13 362 3380 6402 3351 13962 6347 6321 14001 9290 6567 14013 524 3544
2 9 6558 14054 17 11515 9439 493 9508 9400 3544
2 6 9427 14203 11430 6416 467 3544
2 11 9427 11413 442 3410 6499 14279 6522 3434 14288 9468 11479
2 7 11479 9558 422 14179 11441 6546 3392
3 5 6103 11333 11374 221 271
2 9 7394 9284 14035 6313 14007 9310 303 3342 11293
2 4 3392 290 11247 11301
2 10 11301 11329 11357 11386 13950 266 9398 11245 395 6332
2 7 11301 347 318 3309 13976 13963 9304
2 9 11399 14185 14153 3559 3521 12562 14089 524 3544
2 4 11241 323 6293 11234
2 5 11370 294 13899 11322 3331
2 12 306 3362 6387 9272 11254 335 401 13832 3327 13846 3391 6380
2 5 11370 13952 216 386 3350
2 2 6373 3350
2 3 9289 3378 6373
2 12 6373 13994 6319 14055 9249 3507 11453 9568 9466 441 11477 6593
2 13 6593 14144 3470 14214 11543 14156 572 513 422 536 6580 14154 11399
2 11 11479 491 14305 11427 14297 438 462 14345 14298 6429 476
2 5 476 9481 11464 11514 6593
2 9 476 14404 9423 9576 754 14561 14644 741 11670
2 6 476 9481 11464 11490 504 525
2 13 3686 705 6724 3722 14741 568 737 14600 3573 11715 588 11422 11405
2 13 11437 14439 6423 6451 14450 3452 458 11438 14363 9465 3494 504 525
2 8 11437 11405 453 472 3449 14472 3466 6474
2 4 6474 6493 9430 9417
2 8 9417 585 3587 3765 14743 14790 3752 3734
2 7 7661 7495 15569 4458 7624 4463 3668
2 10 3653 772 654 15246 9626 3658 15290 15335 1530 1599
2 22 3672 15160 6702 9647 15127 15128 685 11633 9649 714 15056 9691 9694 14922 735 9726 9709 6781 14713 3587 585 9417
2 2 413 3527
2 14 9417 11434 14541 11450 11459 14386 3519 547 3540 6591 14283 11412 11475 3527
2 9 6474 3479 14427 502 6530 11461 3508 3531 418
2 9 3527 9552 9489 14208 11439 6517 3409 9556 418
2 9 525 11557 9543 11454 11530 14277 9519 559 11504
2 5 525 11557 582 6458 11489
2 6 9288 546 9506 3480 14169 11489
2 9 11489 6508 14165 9566 3225 238 288 3306 3335
2 10 3335 6252 11284 11235 11300 13864 3263 6348 6414 6380
2 4 3580 9260 9328 9355
2 5 9355 9411 11242 3292 6262
2 6 6262 6396 6290 9348 6414 6380
2 3 413 6341 6398
2 4 6398 6230 6279 3356
2 8 3356 9330 11268 9282 13850 9348 6414 6380
2 7 3578 3426 9460 433 11408 3465 9422
2 8 6398 6369 9339 9312 11436 14093 471 9422
2 6 121 252 6356 9278 9378 6380
2 9 121 9122 11099 9188 2 9168 2996 11107 9131
2 4 9197 70 11174 3140
2 12 3140 172 13674 9107 3163 11083 81 6189 9207 3124 11189 9131
2 15 6380 301 3290 11362 6316 378 11338 280 3370 3268 6392 6295 13822 6299 11375
2 3 11344 3303 11375
2 11 6380 301 3290 9235 11217 214 3339 6362 6410 9407 11344
2 7 9422 313 3304 6353 6382 9409 9258
2 7 9258 9286 6391 11262 9344 11394 11344
2 9 11344 11277 3352 6374 6253 9373 11356 11243 6338
2 12 9258 9286 324 11269 3317 286 3276 6302 6226 6275 9243 11225
2 8 11225 11348 393 3357 3330 6515 9420 12128
2 9 11225 11377 11256 3265 4324 4283 1305 273 1278
2 6 1278 12117 10142 10329 12157 9292
2 5 9292 1233 12287 10133 1821
2 7 12128 3563 4322 1254 4294 7370 10253
2 7 7243 4300 4374 4227 1314 12294 10253
2 7 6338 260 9336 3251 3300 6388 6278
2 11 6278 7403 206 1380 10286 10314 361 3280 7320 10133 1821
2 7 7375 11228 237 3280 7320 10133 1821
2 10 7375 11352 7346 12203 9293 370 3027 3139 272 6124
2 14 9131 11107 2996 11143 143 3135 9200 11075 73 3066 3103 6089 9214 6124
2 9 3951 15734 6808 15753 3905 9806 6908 11784 11747
2 6 9878 16030 15911 3983 15734 3951
2 5 1821 9553 1543 10189 4824
2 3 9292 1327 1292
2 8 1292 1775 1294 12521 4780 7800 1709 10696
2 8 4824 7846 7774 3472 10600 12652 4700 10696
2 6 10696 12679 1733 1860 7825 7274
2 9 1459 10148 10366 12397 7597 12329 7657 7600 7243
2 5 1459 11687 7682 7501 1554
2 8 7274 4866 7757 12631 7886 10712 10639 12691
2 10 4797 1762 4837 10528 4766 12507 7860 10683 7786 4677
2 9 957 6989 11750 6684 664 6686 11643 10466 12189
2 6 7642 4434 4621 1425 4406 7381
2 5 12299 4424 7427 4412 10297
2 27 10297 1376 12215 7342 1291 12144 18397 7236 18398 4371 1337 18381 18352 4312 12201 1281 18322 1308 18323 18298 4388 12220 18259 12122 18231 1427 7408
2 17 7408 10250 10221 18124 12173 7544 10411 18086 7572 18046 18045 7353 7531 17970 7492 17928 1488
2 7 1330 10154 18026 17985 10283 17965 10344
2 13 1330 12127 18027 1417 17966 12256 4626 17912 4585 17865 17864 17789 1492
3 2 1182 9998
2 3 9998 7157 7087
2 3 7087 12097 10125
2 2 7072 11960
2 5 10125 7187 4172 4142 11960
2 3 7072 12031 7212
2 3 7212 11946 1092
2 3 1092 10052 11985
2 2 11960 1136
2 8 1136 9985 10055 1167 7145 1191 7050 11985
2 2 1025 7110
2 6 4102 1183 12006 11925 4164 7110
2 5 11960 4142 4172 7102 10032
2 7 1182 4188 4100 7016 4118 1024 7169
2 4 7169 12056 3848 6994
2 6 1117 11930 4067 1063 9865 6994
2 2 12007 1117
2 5 10125 7187 10015 11989 12007
2 5 1182 1097 11908 11989 12007
2 3 3962 7532 10444
4 6 4056 16529 4086 16487 1081 11977
2 6 11948 10110 4126 16520 16449 11977
4 6 11977 16398 7204 16245 7221 7125
2 7 7125 4004 9981 848 15981 10083 6928
4 8 7125 12040 16035 11915 15955 10065 7171 4052
4 5 4052 9790 912 15780 6981
4 8 6981 3970 15738 3839 15551 3895 9885 11771
2 6 11771 987 15521 9781 11764 964
2 3 9843 11761 10068
4 13 11771 6951 987 11815 15342 15492 9835 6837 11886 3900 1052 12043 10068
2 8 9843 15828 4140 12026 15849 7109 15999 4190
2 8 1519 16294 16256 4538 12062 16243 16147 4190
2 6 1069 12045 4037 10043 16556 7025
2 13 4190 4032 16296 1188 1169 4058 16484 4144 1139 16594 9958 1004 10364
2 11 10364 1004 16704 12012 16835 7568 10446 7580 9934 7167 4619
2 6 12068 1091 11959 17615 7214 7186
2 7 4245 10077 4644 7593 7537 4544 4516
3 4 12137 5086 10794 2086
2 6 2086 2032 10729 12822 12005 10887
2 5 11746 806 16285 3889 12473
2 4 4345 4417 10320 7433
2 10 7433 1284 12291 4362 7379 4432 1424 7304 7644 7361
2 8 4345 4417 10320 10174 12221 1282 4342 4285
3 3 4345 4270 3778
2 8 3775 6797 9580 11567 3605 6625 4270 4345
2 13 9450 6713 11641 11685 9684 6769 11669 9724 9711 722 11695 3763 3775
3 6 3778 3635 3661 9634 6676 6510
2 13 6510 9467 12278 12582 602 777 10718 4775 7899 1769 4875 4426 4872
2 12 6510 9480 1299 4869 1782 10718 7794 13094 11571 4875 4426 4872
2 3 12603 10611 4739
2 5 4739 9669 6726 515 3010
2 7 4872 12688 3721 12593 12663 3481 4739
2 5 12603 1788 3721 12688 4872
2 5 12603 10611 11440 10684 7787
2 4 1408 4428 10157 7315
3 3 7315 12214 10327
2 4 7315 7386 10271 12211
2 2 12603 4759
2 4 4759 10709 1752 3719
4 4 3719 10618 6752 1866
2 2 9450 12357
2 8 12357 9657 926 1760 10526 3699 1719 1866
2 6 1866 4807 4664 10341 12456 12357
2 9 9450 12368 6737 11589 1560 10341 4664 4807 1866
2 7 6710 9724 9711 722 11695 749 11654
2 5 9450 6713 9654 11637 689
2 4 689 3685 9825 6890
2 5 6890 882 3687 6707 11654
2 4 6732 3906 11830 9832
2 8 3878 6911 3806 11665 10381 11662 7345 4345
2 4 9832 6909 9847 3878
2 2 3878 6882
2 3 6882 3863 6845
2 3 6845 3824 6984
3 2 6984 3957
2 5 3957 873 3823 11841 10412
2 8 6845 6869 11785 9804 847 3850 880 11800
2 4 6855 827 9808 11800
2 11 9450 6713 9653 870 11791 3872 659 3853 6874 9808 11800
2 6 1595 9796 831 11776 11760 6855
2 2 1595 4527
2 11 4527 4601 9775 9760 7528 3975 801 9923 6823 6929 3957
2 6 12211 3513 12183 7865 12553 9616
2 6 1866 9880 7536 12577 12646 12586
2 9 9450 12312 11589 10478 7306 12418 11788 10666 12586
2 6 12586 7852 3855 3613 4760 4723
2 9 9450 12368 6737 10393 7539 1586 1678 9892 12586
2 10 11654 734 3733 3702 9708 1436 9693 3806 6911 3878
2 4 6696 1881 10448 1595
2 4 6696 12709 12568 9727
2 3 4527 1445 9727
2 4 1572 12381 1480 11975
2 6 1843 9834 10489 866 12439 1572
2 3 1572 1584 7388
2 6 1572 12353 1433 12470 10492 12384
2 3 12735 7422 492
2 3 492 10520 7480
2 3 7552 7524 4464
2 3 7552 1453 10449
2 4 7552 1453 1643 1528
2 5 1528 12401 6968 9829 3960
2 4 3960 10861 10504 10337
2 6 10337 1500 12313 4507 4535 7552
2 5 10337 12410 4884 2042 6785
2 4 10337 12341 1927 12782
2 5 3960 7981 5022 1927 12782
2 3 6785 12369 5015
3 5 12782 6987 5061 2060 12835
2 3 12835 7973 8003
2 3 8003 10916 10830
2 3 10830 12745 8097
2 6 12782 2019 12728 5038 10894 10740
2 4 5021 2083 12721 12835
2 3 1965 2011 4956
2 2 3834 853
2 5 3834 7920 5044 12791 10740
2 4 4908 4977 1945 8057
2 5 13089 12746 12873 10895 8057
2 4 12753 8236 10773 12810
2 3 3960 9829 5001
2 6 5001 7485 12458 12489 4444 1646
2 3 7202 1547 11975
2 5 7202 10029 7012 4491 7138
2 7 12384 638 10394 1485 4653 4491 7138
2 3 8252 5051 12798
2 3 12384 5090 10909
2 4 12735 10192 10824 12501
2 4 12501 1987 10615 7797
2 5 12735 1587 10753 7464 7797
2 4 10449 10410 4510 1646
2 4 6696 6974 12670 12501
2 6 1595 12437 1604 7626 12305 4569
2 7 4569 12305 10457 12497 7611 9682 9450
2 5 4569 4449 4540 4625 7797
2 13 6464 506 584 11428 493 9439 11515 3381 243 279 3324 389 362
2 5 9508 548 6401 3230 3295
2 10 9450 12368 6737 10339 1527 4590 7449 7607 12361 10717
2 8 4723 10640 10711 1815 12651 1851 12585 4860
2 4 12211 3513 4328 4274
2 5 3588 6665 3471 10151 4274
2 4 4274 4347 4331 3588
3 3 3588 9697 9713
2 4 9671 3677 6699 9713
3 5 9713 6699 6694 6876 4518
2 4 4518 9911 941 10387
2 3 7986 8115 853
2 7 10327 12673 12124 3781 6742 7779 4860
2 11 4860 12572 4857 7880 1767 6722 12566 1836 4772 1752 3719
2 4 10624 4863 7883 4759
2 8 10327 1690 1832 4838 1854 1857 10593 10624
2 5 10717 7834 1352 7892 4740
2 4 1534 9802 4811 4740
2 3 1534 2043 1806
2 6 3960 2082 8025 5103 1618 1806
2 5 3960 9920 5085 3875 3972
2 3 10798 10702 3972
2 5 4740 11802 7762 2055 3972
2 2 3972 9908
2 5 9908 12624 4586 10340 4740
2 6 9908 12893 10867 8070 3867 10740
2 4 10740 12791 3883 4975
2 3 4975 10642 12627
2 5 4740 10340 4586 1738 12627
2 3 12627 10588 1827
2 10 10717 7834 4757 12513 1753 10532 4871 12570 12642 1827
2 9 10717 7834 1352 7892 12024 4814 4586 1738 12627
2 3 1827 7780 4723
2 8 4865 10651 12573 12699 850 4799 4657 10387
3 9 4865 10651 10591 7827 4736 10422 11698 710 9713
2 3 4865 10582 12535
2 4 12535 1789 10556 9616
2 6 12535 7888 12633 12561 10640 4723
2 9 1814 4804 12617 1786 7783 1713 7887 1565 4543
2 4 2197 5195 2203 2211
2 5 7798 4776 12932 12924 12910
2 8 7798 12576 7755 1667 10455 10682 12435 12406
2 10 7564 7535 7522 4481 12308 7651 10487 10460 4560 7566
2 7 4604 4589 7594 1542 1529 5156 8181
2 4 10980 12334 8148 7476
2 8 10513 10947 12972 5186 12937 2181 10959 8189
2 5 12589 10415 12692 12547 4696
2 4 10963 7605 5203 1509
2 2 1509 10697
2 3 10697 4822 4696
3 2 10697 5231
3 4 5231 12648 2213 10400
2 2 10963 4879
2 3 2120 18533 10929
2 4 10929 1874 12963 8214
2 5 7011 17065 10005 17056 11964
2 4 7011 10073 7164 4076
2 3 7011 10073 3996
2 5 3996 4055 17241 1068 10031
2 6 10031 17351 7144 12099 11974 12044
2 6 11999 1064 7073 12071 1151 12044
2 5 8105 17838 10745 10902 7989
2 2 7989 2046
2 4 2046 12826 12881 12806
2 8 11921 10026 4129 7162 16480 16451 7180 11969
2 2 9994 11969
2 2 12051 7081
2 8 7081 16390 1160 4163 16328 1046 7180 11969
2 10 12051 7065 16440 16400 13077 7033 16464 4131 11939 1145
2 8 1145 9964 16438 12760 16458 11923 16488 7132
2 12 7132 16537 4116 989 16610 1111 4097 16717 10013 11987 16763 7100
2 4 7100 1079 10070 7069
2 4 7069 10023 4139 4108
2 4 9570 6462 9511 11467
2 5 3458 6416 11430 14203 9427
2 3 9817 11673 6734
2 4 321 11305 9320 9347
2 7 2086 2054 1908 4984 10847 1980 4110
2 7 2086 2054 1908 4149 12886 1103 9975
2 9 4245 4204 7593 12452 1637 10471 10332 7938 5040
2 7 11542 9429 583 421 6562 3414 3583
2 6 11542 9429 583 421 6562 3569
2 3 1965 8089 12810
2 4 4908 10765 8012 3834
2 3 7859 12435 12406
2 4 8186 5225 10925 12910
2 9 11771 15376 11808 15253 916 15120 4642 15058 4572
2 4 10433 14764 7582 4506
2 14 4506 14593 12485 7894 4876 14510 10638 14377 4745 7743 14309 14138 4719 4677
2 12 11771 846 15301 9831 15120 4642 930 4633 1499 4561 14767 4506
2 7 4725 10655 7801 12678 12261 4805 12189
2 10 3585 6418 9421 14341 9541 543 6552 9527 704 11666
3 5 11542 6440 11432 3418 3585
2 6 3585 6470 11404 3474 9416 11544
2 3 9315 6318 6384
2 6 9315 9379 9332 13907 11270 351
2 5 6583 9418 9444 3516 516
2 7 13011 14285 9472 13081 9536 3516 516
